8192
15
6
60
1 332 18 1 3 14 3 89 189 1 9 9 1 4 8 4 331 1 1 7 1 6 7 2 10 2 4 2 6 3 98 264 1 4 14 4 201 1 8 9 2 9 2 7 4 313 2 6
2 469 10 1 6 11 4 366 1 8 8 4 325 2 8 3 71 297 3 92 428 2 2 1 8 7 2 4
3 465 17 3 2 339 1 1 9 4 315 2 8 2 5 3 23 409 4 407 3 24 290 4 376 3 35 379 3 63 375 1 4 11 2 8 3 47 365 4 395 4 428 4 314
4 281 11 1 7 11 4 266 4 175 1 1 8 4 248 3 44 192 3 67 214 1 9 12 2 8 4 156 1 9 5
5 433 9 2 5 2 9 1 9 11 4 272 1 2 7 3 46 247 4 373 1 8 14 4 274
6 285 11 1 10 10 2 9 4 205 2 3 2 8 3 54 200 3 71 153 3 73 272 1 1 10 3 43 229 4 157
7 302 5 2 10 2 5 3 21 276 3 31 235 3 58 211
8 335 10 2 2 2 2 4 263 2 8 1 5 15 3 69 318 1 2 8 1 8 14 1 9 8 2 8
9 396 6 3 50 253 2 1 2 2 3 86 225 1 1 8 2 7
10 384 16 2 10 4 238 2 10 2 8 4 376 1 1 7 1 2 15 3 53 212 1 10 13 1 8 5 4 219 2 2 2 8 2 7 1 3 6 2 2
11 356 11 4 231 2 4 2 10 1 2 12 3 35 260 1 3 12 3 6 289 2 2 3 1 241 1 3 13 4 198
12 210 5 2 8 3 55 169 2 2 3 100 112 4 105
13 207 20 3 54 133 2 9 3 56 196 3 84 204 2 6 1 10 15 3 65 139 3 63 171 1 8 5 3 95 181 2 7 4 135 2 7 4 201 3 5 147 1 8 7 1 6 11 3 63 146 4 109 3 7 206
14 310 17 4 288 2 6 1 7 10 3 89 183 2 2 2 3 1 4 8 2 7 4 298 2 4 3 88 263 1 8 8 4 212 4 276 3 73 303 4 254 4 271
15 379 7 1 9 8 2 4 2 3 2 3 2 2 3 9 251 4 343
16 459 6 3 34 267 2 10 1 7 9 3 5 443 1 4 6 3 90 281
17 293 16 1 5 9 4 238 4 265 3 51 245 1 3 8 4 233 4 190 1 3 6 3 38 170 1 1 13 1 3 9 2 3 1 9 6 1 4 14 3 37 236 3 12 248
18 306 11 2 3 4 195 2 1 2 10 3 96 276 3 64 252 4 268 3 48 251 1 9 14 4 271 1 3 15
19 276 20 1 10 14 3 74 174 1 6 15 1 10 13 2 8 1 8 5 4 210 1 1 6 1 10 10 4 195 4 214 4 196 2 8 3 98 169 4 153 2 10 4 202 1 2 13 3 36 265 1 3 14
20 204 19 1 1 8 1 10 7 1 6 10 2 7 2 2 1 4 10 1 7 14 1 8 8 1 2 7 3 38 131 1 5 8 2 8 4 134 1 10 13 2 8 2 9 2 7 2 8 3 22 157
21 449 17 4 435 2 7 3 6 429 2 1 3 16 297 4 278 2 9 1 1 9 1 1 14 2 8 1 9 14 4 413 4 407 4 272 2 9 4 235 4 270
22 364 10 3 89 322 4 281 3 29 334 3 92 358 3 78 300 3 49 289 1 8 12 1 7 8 1 2 15 3 50 323
23 307 10 4 177 3 28 302 2 1 1 4 15 3 81 188 3 95 181 2 2 4 200 4 302 4 171
24 450 12 1 1 12 1 6 5 1 2 7 2 6 3 11 271 1 7 9 4 441 3 1 365 1 9 13 1 5 7 4 279 2 10
25 348 11 1 7 6 1 2 8 3 42 280 1 2 5 4 294 1 10 14 2 1 3 43 189 4 305 4 335 4 178
26 301 15 2 1 4 160 3 5 158 3 22 298 2 1 3 90 281 3 22 201 1 3 12 1 6 7 3 70 276 1 7 10 1 9 15 3 89 177 4 241 4 293
27 310 20 1 9 6 4 182 1 6 7 2 10 2 7 4 253 3 30 156 4 225 2 4 3 44 243 2 7 3 56 264 2 10 4 273 4 237 4 192 1 1 5 2 10 1 7 6 4 171
28 284 13 4 241 4 185 2 3 1 7 7 3 87 158 1 10 15 2 5 4 278 3 11 280 2 2 2 3 3 86 265 3 50 225
29 314 16 2 7 4 227 4 167 1 10 5 3 63 182 1 10 10 1 10 15 1 4 12 1 10 14 4 186 4 293 3 56 221 4 216 2 4 1 7 11 1 2 14
30 350 16 3 75 259 3 70 263 1 9 13 3 39 242 4 256 3 77 286 3 76 340 4 306 3 72 314 1 1 6 3 21 213 3 5 271 4 220 1 4 7 2 7 1 6 8
31 399 9 2 2 3 17 296 4 328 3 63 344 3 31 381 4 292 2 7 1 1 11 4 227
32 218 7 1 1 11 4 171 3 70 151 3 58 159 1 3 12 2 10 3 51 110
33 468 11 2 4 3 49 259 2 8 3 80 281 4 451 3 6 415 4 349 3 49 285 1 10 10 4 335 3 46 460
34 256 14 1 4 6 4 204 4 156 4 129 1 1 12 3 14 200 4 193 3 61 175 3 72 253 3 14 222 1 2 7 3 72 172 3 87 137 3 34 254
35 418 18 2 3 1 8 8 3 81 284 1 10 11 2 7 2 5 1 8 10 3 43 399 4 394 1 10 14 4 293 2 6 2 6 1 9 9 1 7 11 3 95 219 2 2 1 9 6
36 200 13 4 132 2 5 2 4 1 1 7 2 8 2 3 1 6 6 2 3 2 3 2 7 1 6 11 3 42 166 3 73 144
37 215 13 1 7 13 2 4 2 2 4 178 2 8 4 133 4 214 4 130 3 17 183 3 28 108 2 4 2 3 1 3 14
38 239 16 1 4 5 4 183 4 159 2 10 3 4 178 3 65 153 1 10 11 1 1 8 3 1 181 3 4 157 4 162 3 72 167 1 1 9 3 62 161 4 201 4 214
39 243 7 3 73 140 1 1 5 1 4 9 2 9 4 180 4 159 1 1 7
40 411 6 4 227 4 361 4 320 4 331 4 242 1 1 10
41 420 17 2 2 3 79 414 4 392 1 9 9 2 9 4 264 4 268 4 313 3 57 239 4 361 2 8 1 3 13 3 98 235 3 80 338 1 10 6 3 36 305 4 343
42 425 13 1 5 14 4 280 4 364 1 10 7 3 37 350 4 345 3 78 249 2 9 2 10 3 73 237 1 3 10 2 5 1 7 9
43 284 9 1 9 10 4 231 1 8 5 2 10 2 5 4 257 3 11 269 1 2 12 2 9
44 291 12 4 224 1 2 8 2 1 1 7 8 3 37 150 4 225 2 5 4 204 1 1 6 3 47 156 3 74 223 4 232
45 250 9 3 1 184 3 34 233 1 5 7 2 6 1 3 9 1 10 9 1 10 11 3 37 138 1 2 14
46 245 16 2 10 3 39 232 4 217 2 10 1 8 8 4 157 4 169 1 5 15 3 9 129 4 232 1 10 5 3 20 124 3 93 221 1 2 7 3 3 169 1 9 13
47 218 16 1 8 13 4 163 3 30 119 1 9 14 4 206 4 210 2 7 2 1 4 157 3 16 196 1 7 8 1 9 12 4 181 4 141 4 192 1 2 11
48 280 5 3 98 208 4 171 2 10 3 11 182 1 5 10
49 226 19 1 10 12 3 33 209 3 31 121 3 5 207 2 3 3 24 187 2 4 2 4 2 2 4 183 3 15 219 2 4 4 125 2 2 2 2 1 2 14 3 70 155 4 188 3 43 193
50 455 19 1 8 9 4 340 1 10 13 2 7 1 5 13 1 4 9 2 9 3 41 413 4 402 3 95 246 4 418 1 8 6 1 2 11 3 5 443 1 2 7 2 4 1 9 10 3 94 327 4 320
51 233 15 1 8 9 1 3 12 2 8 3 29 214 2 7 4 176 3 13 116 4 201 1 6 10 1 4 9 3 51 222 1 7 13 2 5 2 3 3 90 169
52 485 15 4 483 3 22 276 1 4 8 4 273 1 3 8 4 391 4 245 1 8 12 1 5 8 2 2 1 6 10 4 278 1 7 6 1 5 5 4 421
53 245 13 1 1 10 2 10 3 30 196 2 3 1 1 12 3 98 165 1 4 12 2 3 2 3 4 140 3 17 193 4 130 3 20 142
54 391 16 3 66 259 4 352 4 373 3 37 299 3 69 218 2 9 3 7 383 2 1 1 7 6 2 3 3 78 302 3 89 311 3 7 287 1 8 10 1 2 15 3 84 196
55 398 9 3 48 335 4 314 4 201 2 2 4 242 1 8 12 2 1 2 10 1 5 13
56 418 20 4 285 4 341 4 346 1 8 7 1 7 5 1 2 8 4 238 4 352 2 2 2 4 4 345 3 34 409 4 385 3 66 228 4 398 4 244 3 35 329 1 2 9 1 2 14 4 316
57 349 7 3 23 305 1 4 13 3 19 263 1 8 7 2 8 4 290 3 100 259
58 275 17 2 8 4 265 2 7 1 8 11 4 139 3 96 267 1 9 11 3 25 270 1 4 8 2 9 1 4 12 2 7 3 21 158 4 194 1 5 13 3 88 248 2 5
59 300 8 2 10 4 266 3 5 154 1 2 5 3 33 288 4 246 2 10 2 1
60 295 10 3 86 185 3 61 156 1 3 8 1 4 13 2 4 2 3 2 9 4 222 4 244 2 8