16384
17
7
70
1 408 5 3 43 284 2 6 4 388 3 83 266 1 7 14
2 498 20 4 350 1 10 6 4 473 1 6 13 4 442 3 72 410 3 91 330 3 80 427 4 417 3 56 289 4 492 3 38 357 4 439 4 401 2 5 1 2 15 4 398 3 41 316 1 6 11 1 1 13
3 409 7 2 3 4 324 4 249 1 3 8 4 377 3 57 388 2 5
4 308 8 1 10 6 3 70 156 4 211 1 7 12 4 185 1 2 13 1 2 12 2 1
5 270 6 3 62 227 3 5 190 3 4 229 4 141 3 65 235 1 1 6
6 296 7 1 9 9 1 1 6 1 6 14 1 10 15 1 2 14 1 10 5 4 251
7 320 11 1 3 6 1 2 6 2 8 4 222 3 88 248 2 3 4 213 1 9 5 1 5 8 4 278 4 228
8 323 9 1 3 13 2 9 4 200 1 2 7 1 1 11 3 70 267 3 44 181 3 25 273 2 5
9 415 17 4 384 2 7 4 244 4 319 3 7 292 3 24 320 1 4 15 2 5 1 3 6 3 17 272 2 8 2 5 4 366 4 368 3 100 316 2 6 4 222
10 341 7 2 2 2 3 4 192 1 5 11 4 208 3 37 179 4 340
11 414 6 2 10 2 7 3 33 370 2 3 4 372 1 10 12
12 460 15 2 4 4 329 1 5 11 4 247 2 4 4 379 3 7 270 3 1 377 2 5 3 57 378 2 9 4 246 3 60 282 4 419 4 367
13 201 9 3 27 155 1 9 7 2 10 1 3 12 2 7 2 10 2 8 3 14 156 4 191
14 394 16 2 7 1 5 7 4 201 3 58 230 2 8 4 245 4 208 2 4 3 39 362 3 24 362 2 4 2 10 2 3 3 25 201 3 30 293 3 52 252
15 460 13 3 37 310 2 4 4 330 3 32 266 3 58 341 2 2 4 389 2 1 3 24 278 1 4 5 4 255 2 5 3 89 409
16 336 11 3 4 248 4 311 4 170 2 9 2 7 2 7 3 10 216 4 249 3 91 271 3 48 207 1 6 13
17 224 12 4 217 2 2 4 207 4 153 1 4 10 1 5 14 3 31 123 3 65 133 3 18 165 3 50 147 2 9 3 3 158
18 456 15 4 275 4 306 3 63 286 1 5 13 4 418 1 7 6 3 47 389 2 4 2 9 3 38 445 3 36 263 1 1 6 3 95 353 1 6 6 2 9
19 327 11 2 8 1 9 13 1 7 9 4 263 1 6 14 2 10 3 76 195 4 325 3 17 273 1 5 5 3 88 291
20 313 10 3 76 175 4 199 2 6 2 7 2 2 3 57 169 3 51 216 4 202 3 63 186 4 298
21 468 11 1 4 6 3 83 412 4 373 2 4 1 1 9 1 6 14 3 29 400 3 100 302 1 4 11 1 9 10 4 401
22 477 10 1 1 15 4 425 1 2 6 1 8 8 2 2 1 9 13 3 22 378 2 5 3 56 255 4 283
23 496 11 2 7 2 5 2 3 3 35 308 1 1 14 1 7 10 1 5 6 1 2 13 3 67 490 3 24 290 3 19 329
24 490 17 1 9 14 1 4 7 1 5 6 1 9 9 1 9 8 1 9 6 2 6 3 12 260 4 269 4 279 1 6 15 4 396 1 3 7 1 6 12 4 393 4 321 3 99 288
25 341 13 3 47 267 1 6 12 3 6 216 2 4 1 10 14 3 78 195 1 2 7 4 309 1 4 6 4 235 1 10 6 1 6 7 2 7
26 271 16 4 148 2 4 4 200 1 7 9 2 7 2 7 3 94 230 3 12 206 4 205 2 7 4 206 1 8 11 1 10 5 3 35 142 3 83 257 3 79 246
27 367 17 4 194 4 228 3 8 353 4 318 3 8 357 4 201 1 9 8 1 5 11 4 366 2 7 4 351 2 8 2 1 3 81 315 2 5 3 51 331 2 6
28 374 9 2 3 2 8 4 227 1 6 6 1 3 7 2 6 1 8 7 1 8 10 3 19 287
29 275 14 1 7 6 2 5 4 253 4 261 2 6 3 78 248 1 4 6 1 10 7 2 6 1 4 15 1 4 10 2 5 2 7 1 1 10
30 203 10 3 5 202 3 69 111 4 151 3 54 145 2 8 4 108 1 5 15 1 4 6 4 151 2 6
31 278 14 3 45 197 2 4 3 46 151 4 207 2 1 2 7 1 6 11 4 258 3 69 276 1 3 7 4 232 2 6 1 9 15 1 5 7
32 241 8 1 2 8 1 5 9 4 183 3 13 155 4 189 1 3 13 4 131 4 236
33 222 6 4 178 2 5 4 162 3 69 160 3 29 191 3 58 159
34 286 12 4 223 4 155 4 255 2 7 3 20 209 1 10 7 3 45 218 4 278 1 4 10 3 32 195 2 8 1 10 11
35 442 13 4 404 3 99 438 3 69 348 2 1 2 7 1 6 10 2 4 3 76 436 3 30 303 3 48 228 2 10 3 90 252 3 88 430
36 205 9 4 163 1 7 11 4 174 1 7 6 1 8 11 3 73 160 1 8 13 2 10 1 6 10
37 233 20 1 7 6 2 7 2 2 3 94 167 4 223 2 8 1 2 8 2 4 4 126 2 10 1 1 15 3 32 203 3 11 128 2 9 1 4 8 4 182 4 140 3 13 169 4 193 1 8 7
38 345 17 4 307 4 230 1 6 9 4 196 3 69 255 3 6 180 3 9 183 4 186 4 185 2 1 2 3 4 200 1 6 13 1 3 6 3 6 302 1 5 6 2 2
39 309 19 1 7 12 3 30 268 1 7 8 4 252 3 64 196 3 95 154 2 6 3 35 183 3 5 180 4 246 1 1 14 3 24 176 3 100 220 3 47 158 1 4 5 1 8 13 4 225 1 10 13 1 8 11
40 357 19 2 5 1 4 9 4 328 1 2 12 3 61 247 1 7 14 2 3 2 7 3 16 236 3 59 268 2 5 1 8 9 1 9 7 2 9 1 9 7 4 191 2 5 3 62 296 3 90 292
41 215 15 4 172 4 146 3 51 169 2 7 3 27 115 1 1 9 1 10 7 4 193 3 23 196 4 118 4 112 2 8 4 198 4 166 4 182
42 370 8 2 2 2 6 4 351 4 289 3 41 246 4 330 3 87 272 2 10
43 463 20 2 9 1 10 11 2 4 2 3 2 7 3 95 412 3 38 390 2 2 4 390 2 7 2 3 1 8 5 2 8 4 412 1 4 14 3 75 316 4 451 4 394 3 76 432 2 10
44 374 17 4 270 2 8 3 88 308 4 319 1 2 7 1 5 8 3 12 262 3 30 309 2 3 1 2 11 2 5 2 10 1 10 7 3 98 261 4 319 2 6 3 63 263
45 285 15 2 3 1 3 14 3 50 234 4 173 4 256 4 257 1 4 10 4 204 3 7 209 2 5 2 7 1 3 15 3 67 183 2 1 1 10 14
46 400 19 1 10 8 3 68 284 3 42 299 2 8 3 45 251 2 8 1 5 12 3 11 271 2 8 3 10 350 2 1 2 3 1 4 6 2 6 3 58 219 3 3 267 2 10 4 292 4 278
47 235 14 3 62 151 2 1 4 207 3 21 134 2 7 1 6 13 2 5 2 9 2 9 4 179 1 4 8 3 20 153 4 161 2 1
48 405 6 3 16 209 4 272 1 10 6 2 7 4 299 3 43 329
49 401 13 2 5 2 2 3 35 254 2 10 4 349 2 5 4 350 4 380 2 8 1 6 12 1 3 5 3 97 300 3 49 215
50 248 9 4 199 4 171 1 4 14 2 2 3 6 228 3 41 144 3 97 130 4 222 1 7 12
51 462 18 4 345 4 425 4 246 3 62 337 4 387 2 8 1 8 8 2 5 1 3 10 3 6 442 4 418 3 53 422 3 29 280 1 4 5 2 4 4 345 3 35 401 1 2 15
52 465 9 4 314 4 377 1 9 13 3 24 315 2 3 1 8 15 3 21 454 3 64 383 3 16 316
53 235 20 2 5 4 140 1 5 6 1 8 5 3 26 233 4 144 1 5 9 1 3 6 1 10 10 2 1 1 3 12 1 10 7 3 7 233 2 9 3 87 135 1 5 7 3 24 142 3 34 190 3 54 209 2 5
54 439 9 2 7 1 10 13 2 6 3 65 376 4 243 1 2 10 2 9 4 246 2 2
55 238 20 1 9 8 4 204 3 59 235 1 5 10 1 2 8 2 6 1 9 11 3 75 119 4 201 3 67 218 2 4 4 166 1 7 7 2 6 3 41 221 4 232 3 16 230 3 73 166 1 7 10 3 85 128
56 472 9 2 1 3 66 295 3 99 261 4 353 1 2 5 1 10 7 3 79 448 1 9 10 4 317
57 483 8 3 30 436 3 86 381 2 10 3 59 388 2 3 3 33 301 1 5 12 2 7
58 385 11 1 10 5 1 10 5 2 7 3 74 220 4 322 4 283 2 6 3 39 252 2 5 4 355 4 319
59 325 12 2 8 2 6 3 19 281 4 169 1 10 11 2 3 3 73 315 2 2 2 9 3 71 296 2 4 4 323
60 249 5 4 155 4 219 2 9 4 133 4 201
61 200 15 2 4 3 91 119 3 36 127 1 7 14 2 1 3 70 156 4 102 4 161 3 55 134 4 199 4 104 2 1 3 34 110 4 174 1 10 6
62 396 13 1 5 5 4 350 3 46 312 3 91 248 4 354 4 350 3 81 218 3 41 233 3 54 363 3 69 391 3 21 339 1 7 9 2 7
63 398 7 4 360 1 7 13 1 10 15 4 257 2 6 3 86 209 4 278
64 468 17 4 237 4 466 1 6 9 3 29 273 3 4 400 3 76 297 4 332 3 80 401 3 92 368 4 313 4 297 2 1 3 59 239 1 6 7 4 350 3 78 304 1 1 5
65 441 17 2 6 4 265 3 20 269 1 9 13 1 3 7 4 257 4 327 3 48 275 2 10 1 1 12 1 3 14 1 2 15 2 7 3 83 255 2 8 4 329 3 15 408
66 344 5 1 8 12 3 39 268 4 186 4 298 1 4 11
67 418 11 1 8 13 2 10 1 8 13 3 47 370 3 87 413 4 416 3 65 284 2 9 1 2 6 1 10 9 2 5
68 422 9 3 6 308 2 9 4 305 3 44 394 1 9 12 1 2 14 2 10 3 50 243 1 3 10
69 406 7 2 10 4 262 3 29 255 1 5 5 2 1 2 3 3 37 270
70 272 6 4 162 4 239 2 9 4 251 4 149 2 10