4096
12
3
20
1 459 13 1 9 14 3 5 416 2 4 1 9 12 3 34 395 1 9 5 3 37 423 3 65 308 4 253 1 2 11 2 8 4 412 3 71 318
2 355 14 3 6 310 3 67 306 2 1 4 277 2 7 4 185 4 342 1 6 7 1 5 12 4 197 3 14 329 2 1 3 74 325 1 2 8
3 444 9 1 8 7 1 3 9 3 7 325 2 2 4 395 3 48 389 1 7 11 2 2 3 36 323
4 233 14 2 8 3 74 222 1 9 13 2 8 4 187 4 136 2 3 4 192 3 75 230 2 9 3 53 221 2 3 2 1 1 9 13
5 351 12 1 6 7 4 337 1 1 6 4 234 1 7 15 3 42 323 1 5 12 4 249 4 276 2 10 2 7 4 293
6 263 6 1 8 5 3 13 186 1 9 6 1 1 11 3 33 225 2 6
7 281 11 2 7 3 72 163 1 4 9 3 54 163 1 1 12 4 153 3 63 152 4 247 1 10 14 3 28 171 1 7 9
8 386 5 1 5 8 4 360 1 4 6 3 97 237 3 100 277
9 377 11 2 3 3 25 279 4 226 3 34 298 3 43 250 1 5 12 4 338 1 3 10 1 7 15 4 253 3 75 259
10 372 14 1 5 8 1 5 7 2 1 4 289 4 265 1 3 11 3 57 369 1 4 13 2 9 4 325 1 8 6 4 319 2 5 4 205
11 245 5 3 50 159 4 192 2 9 4 207 3 92 170
12 347 15 4 346 3 85 292 1 10 6 2 6 2 9 1 8 10 2 1 4 196 3 50 314 2 7 4 283 1 1 9 2 1 2 8 1 3 8
13 331 9 1 7 13 3 85 279 1 8 15 3 2 173 3 57 220 2 8 2 4 1 3 14 4 219
14 307 9 2 9 1 10 14 4 279 3 75 187 4 267 4 187 3 39 222 3 67 153 3 21 234
15 220 13 3 69 193 2 9 3 76 156 2 10 1 7 10 2 2 3 41 182 4 160 4 170 2 6 3 59 149 1 4 12 3 23 162
16 455 7 1 1 11 2 1 1 2 5 4 313 2 3 2 7 3 85 447
17 476 16 2 5 4 465 3 84 256 2 1 2 6 4 292 2 1 3 91 303 3 22 439 4 309 4 296 1 10 10 1 8 11 3 13 467 3 98 358 2 2
18 342 13 2 9 1 5 5 2 8 3 27 237 2 8 3 34 299 2 10 1 4 12 2 8 3 4 217 2 10 3 16 228 3 35 241
19 200 17 4 147 2 6 3 46 166 3 54 172 3 37 164 4 185 2 7 4 111 1 3 9 1 10 11 3 94 150 3 63 189 2 7 4 186 1 1 7 3 32 126 2 10
20 311 10 4 182 4 194 2 3 1 7 15 4 309 4 304 2 7 2 9 2 7 2 4