2048
2
2
10
1 399 17 4 395 3 100 358 3 13 277 3 1 328 2 6 3 24 216 1 6 6 4 333 4 343 4 321 3 18 395 3 79 230 2 9 3 60 285 3 41 303 1 6 12 1 9 10
2 497 7 2 8 2 2 3 37 344 2 5 2 9 2 3 2 8
3 331 20 1 2 15 4 168 4 216 4 288 2 1 2 7 1 1 6 2 8 2 4 3 18 296 1 2 13 4 298 2 6 2 10 1 4 12 1 1 10 2 6 3 12 201 1 7 14 2 8
4 463 17 2 6 3 35 376 4 327 2 9 3 27 253 2 6 4 243 1 1 6 4 234 4 428 1 9 15 1 3 13 1 8 15 1 6 14 3 35 267 1 5 5 4 332
5 496 19 4 303 2 1 2 9 4 260 4 370 4 460 4 320 1 1 9 2 7 3 16 320 2 8 4 402 2 1 1 2 12 3 10 308 2 7 1 9 11 1 3 10 3 68 400
6 297 7 1 1 11 4 253 4 253 2 4 3 19 244 3 5 180 1 8 11
7 265 6 4 183 2 6 2 2 4 166 1 7 7 4 226
8 417 12 1 4 12 1 5 10 4 247 1 2 11 3 24 255 3 11 344 3 21 381 3 51 237 1 4 6 1 3 10 3 52 249 4 402
9 241 9 4 137 4 205 1 1 8 3 30 224 1 7 8 4 224 3 47 220 2 7 3 64 135
10 478 16 1 3 8 2 10 1 6 12 2 7 4 476 3 24 458 3 65 328 1 8 9 4 474 2 1 1 9 5 2 7 1 1 15 1 1 13 3 30 470 1 4 5