4096
10
2
20
1 424 10 1 8 11 4 357 3 42 342 4 344 4 338 1 5 9 1 6 8 3 56 302 1 4 8 1 5 13
2 261 6 3 11 138 2 9 2 1 2 4 4 165 3 52 132
3 229 6 2 6 1 3 12 1 6 5 4 170 4 130 3 40 196
4 407 9 3 48 256 3 48 211 1 5 14 3 33 372 2 10 3 13 343 2 4 1 7 8 2 3
5 215 17 1 9 12 3 90 138 3 32 157 1 8 6 3 89 196 3 62 169 4 204 1 9 8 2 6 3 58 197 3 1 194 2 5 2 6 1 3 12 1 5 5 4 121 3 74 138
6 478 12 2 1 2 8 2 9 1 3 9 1 9 10 4 362 4 246 1 10 9 2 8 2 5 1 5 14 2 9
7 237 10 4 131 1 9 13 3 69 130 3 54 200 1 10 13 3 34 208 2 4 4 229 1 4 8 1 6 9
8 220 16 1 7 11 3 73 116 3 91 130 3 31 187 3 4 157 4 183 3 57 155 3 54 209 4 170 2 2 4 190 4 129 1 10 7 3 13 194 1 6 6 3 50 125
9 308 10 3 54 251 4 250 4 213 4 201 2 1 4 223 1 6 6 4 217 3 13 204 4 214
10 300 14 4 237 3 52 282 1 2 7 2 5 1 1 5 2 5 1 8 15 2 9 2 6 2 6 4 262 3 86 194 4 289 2 5
11 255 19 4 179 3 80 201 3 28 249 3 30 213 2 10 3 51 247 1 1 10 2 2 2 5 2 1 2 9 4 163 2 3 3 18 204 3 45 175 4 219 3 77 167 4 194 4 254
12 414 14 1 2 6 1 5 8 3 54 284 1 7 12 1 10 15 3 100 234 1 3 11 4 235 4 323 2 8 4 359 3 19 299 2 9 3 55 278
13 246 10 4 155 3 18 190 1 3 7 4 144 2 1 4 153 2 9 3 29 131 4 148 4 141
14 432 12 3 80 294 4 288 1 6 8 3 30 292 2 4 1 4 12 3 45 428 4 290 2 5 3 16 309 1 6 6 3 13 305
15 317 11 1 7 14 2 1 3 93 303 1 10 8 3 40 283 2 8 1 5 15 1 7 11 1 3 9 4 283 3 42 186
16 347 8 4 324 4 293 1 6 7 2 3 3 43 199 1 9 10 4 182 3 40 242
17 259 16 1 5 6 3 17 148 4 154 4 217 2 5 3 24 150 4 175 4 171 2 6 4 189 2 6 2 2 1 8 7 4 212 1 2 15 4 224
18 458 9 4 295 3 2 357 1 6 15 2 9 1 4 9 4 345 3 25 239 3 84 281 4 240
19 201 15 4 191 4 118 2 3 1 7 7 2 3 3 36 127 1 6 6 1 5 7 2 10 1 8 11 1 8 13 4 159 4 145 4 186 3 60 126
20 450 15 3 37 323 2 6 3 59 255 4 263 4 373 1 3 6 3 42 318 1 5 9 2 7 4 254 2 9 4 420 4 446 2 9 4 258